,account,overEstimationBurn,refundDecimal,refund,amountDecimal,burnedDecimal,minerPenalty,minerTip,gas,baseFeeBurn,exitCode_0,exitCode_6,exitCode_7,exitCode_16,success_False,success_True,id_0,id_3,id_4,id_5,id_6,id_7,id_8,id_9,id_11,id_16,id_18,id_23,id_25,clusters
0,f0116445,0.000841476697378517,1.7081487978744263,1.7081487978744263,0.0,0.024311789056698858,0.0,0.0034441320754765585,118774430.81751825,0.02347031235932032,405,0,0,6,6,405,0,0,0,407,0,0,0,0,1,3,0,0,0,0.1563260340632603
1,f023869,0.000622076200874591,0.21019056713706835,0.21019056713706838,0.0,0.01811515460181641,0.0,0.0008503723025509379,92690167.23408625,0.0174930784009418,487,0,0,0,0,487,0,0,0,472,0,0,0,0,1,12,0,2,0,0.2191991786447638
2,f023928,0.0004939942493730911,0.16831214108178005,0.16831214108178008,0.0,0.014432275243877713,0.0,0.0005786630304999034,80357884.57977527,0.013938280994504603,440,0,0,5,5,440,0,0,0,429,0,0,0,0,0,14,0,2,0,0.2376404494382022
3,f023858,0.0005567299370120163,0.15157099543326544,0.15157099543326544,0.0,0.013117285553125508,0.0,0.00035695162548669124,66810022.11290322,0.012560555616113474,431,0,0,3,3,431,0,0,0,418,0,0,0,0,2,12,0,2,0,0.2811059907834101
4,f024148,0.0006397060950568081,0.13943433457389362,0.13943433457389362,0.0,0.012300258947707768,0.0,0.00032617845954481506,61039344.48039216,0.011660552852650942,405,0,0,3,3,405,0,0,0,396,0,0,0,0,1,9,0,2,0,0.3057598039215686
5,f054526,0.0005874651266876854,0.19799663991446295,0.19799663991446298,0.0,0.01700750840867311,0.0,1.8566817258312838e-05,119565452.36514522,0.01642004328198541,240,0,0,1,1,240,0,0,0,196,0,0,0,0,28,17,0,0,0,0.4201244813278008
6,f02387,0.0007501154990861434,0.20113725699768326,0.20113725699768326,0.0,0.017822792088255233,3.845387924583704e-07,0.0016205010548711702,72401985.09333333,0.017072676589169066,671,0,0,4,4,671,0,0,1,662,0,0,4,0,5,1,0,2,0,0.4737037037037037
7,f0471691,0.0014273892486065935,0.4839504308383047,0.48395043083830475,0.017764471057884233,0.04178638208729902,0.0,0.0008210531276599981,191632223.49301398,0.0403589928386924,500,0,0,1,1,500,1,1,0,471,0,0,1,0,0,23,0,4,0,0.5419161676646707
8,f01501611,0.00041376912171920603,0.11344824314917924,0.11344824314917924,0.01527708380470378,0.009744494209552142,0.0,0.0009718250709828985,47038332.304606244,0.009330725087832916,669,0,0,4,4,669,0,1,1,643,5,5,2,2,9,4,1,0,0,0.5520059435364042
9,f022853,0.0012915548016740536,0.4460110087340393,0.44601100873403937,0.0,0.03849054726794843,0.0,3.675558664949633e-05,267120124.94509804,0.03719899246627435,255,0,0,0,0,255,0,0,0,202,0,0,0,0,0,53,0,0,0,0.5735294117647058
10,f024146,0.00046024993903909543,0.11684159131325965,0.11684159131325966,0.0,0.010213759198816893,0.0,0.00032102697653854623,52778731.708029196,0.009753509259777776,408,0,0,3,3,408,0,0,0,403,0,0,0,0,0,6,0,2,0,0.6186131386861314
11,f029416,0.0006868984503808799,0.19687125835621833,0.19687125835621833,0.0,0.01895493821706818,4.0030173792253885e-07,0.001641631133566072,104040461.7357513,0.018268039766687283,768,0,0,4,4,768,0,0,0,619,0,0,5,0,131,17,0,0,0,0.6285621761658031
12,f0117318,0.00030646137322766216,0.10429912900407252,0.10429912900407255,0.0,0.009009115004152309,0.0,0.00034108600108203913,45609223.34196891,0.008702653630924623,386,0,0,0,0,386,0,0,0,383,0,0,0,0,0,3,0,0,0,0.6988341968911918
13,f024511,0.0006898046236724421,0.24245338917774356,0.2424533891777436,0.0,0.020962714976073944,0.0,2.5725752467046475e-05,177053906.77021277,0.02027291035240148,235,0,0,0,0,235,0,0,0,181,0,0,0,0,4,50,0,0,0,0.7053191489361702
14,f0728347,3.3067882342683896e-05,0.011543234890077131,0.01154323489007717,0.0,0.0009758026140609677,0.0,5.142857393951262e-06,41318182.14141414,0.0009427347317183048,98,0,0,1,1,98,0,0,0,67,0,0,0,15,16,1,0,0,0,0.7954545454545454
15,f02184150,0.001049003572212129,0.27101600445767277,0.2710160044576728,0.6664653241251048,0.02182154699330256,0.0,0.00262155170606925,49812098.25757576,0.020772543421090424,197,1,0,0,1,197,0,0,0,165,13,16,0,0,4,0,0,0,0,0.8383838383838383
16,f01399784,7.071597525288328e-05,0.025171584065460825,0.02517158406546085,0.3025247342075356,0.003319328658648828,0.0,9.613652144867978e-06,79219802.75675675,0.0032486126833959567,185,0,0,0,0,185,0,0,0,112,43,16,0,0,14,0,0,0,0,0.8391891891891892
17,f0835643,0.0011802179550295536,0.10795208493388736,0.10795208493388737,0.18897082653344713,0.011602726984913572,1.1003769494078762e-07,0.0009272461593483669,41578246.54719764,0.010422509029884003,667,0,3,8,11,667,0,0,0,513,66,61,3,8,22,5,0,0,0,0.8775811209439528
18,f02072747,0.00027653598900018487,0.08425107172232511,0.08425107172232513,0.05292152777916952,0.007539604072175161,0.0,0.0014189145705582643,26209805.287769783,0.007263068083174952,139,0,0,0,0,139,0,0,1,124,1,5,0,1,2,1,1,0,3,0.935251798561151
19,f01136409,0.0001433393914935339,0.04161667114913943,0.041616671149139445,0.022782073521564163,0.004649669123185639,0.0,3.0178981293753417e-06,22610622.27819549,0.004506329731692088,266,0,0,0,0,266,0,0,2,233,12,7,2,2,6,0,2,0,0,0.9520676691729324
20,f01812283,6.346539520799056e-05,0.024063169964824677,0.024063169964824677,0.010128969747196716,0.0020676104146769613,0.0,1.3348768495226667e-06,10872382.277777778,0.002004145019468972,18,0,0,0,0,18,0,0,0,16,1,1,0,0,0,0,0,0,0,0.9583333333333334
21,f02388,6.339641384632886e-05,0.021530490065187986,0.021530490065188004,0.0004237288135593221,0.0018913172634788332,0.0,2.843630992426585e-06,22345920.22881356,0.0018279208496325174,118,0,0,0,0,118,1,0,0,108,0,0,0,0,4,5,0,0,0,0.9788135593220338
22,f01096727,7.199239744292922e-05,0.023405720589658983,0.023405720589659,0.0,0.0021263511825699503,0.0,1.7930321622316728e-06,11638028.68202765,0.0020543587851270264,217,0,0,0,0,217,0,0,1,211,0,0,0,0,4,0,1,0,0,0.9815668202764976
23,f0115238,8.082569402896933e-05,0.027695291203545226,0.027695291203545244,0.0,0.002389671507958636,0.0,1.5688194879856232e-06,11150715.192307692,0.0023088458139296597,260,0,0,0,0,260,0,0,0,254,0,0,1,1,1,1,2,0,0,0.9932692307692308
24,f030649,4.24718679509515e-05,0.014996781983793245,0.014996781983793261,0.0,0.0013032132062500302,0.0,1.1278810202142962e-06,9086325.864197532,0.001260741338299085,162,0,0,0,0,162,0,1,0,157,0,0,0,0,1,3,0,0,0,0.9938271604938272
25,f01437863,7.069140751500613e-05,0.025139065147583437,0.02513906514758346,0.0025889127555555557,0.002166516509171485,0.0,2.0535656486031184e-06,16563726.17037037,0.0020958251016564783,135,0,0,0,0,135,0,0,0,133,1,1,0,0,0,0,0,0,0,0.9944444444444444
26,f034777,0.0001055829630438959,0.03665439692482465,0.03665439692482467,0.0,0.0031821786267038276,0.0,3.2246077485520225e-06,22184948.299435027,0.003076595663659923,177,0,0,0,0,177,0,0,1,153,0,0,0,0,1,22,0,0,0,0.998587570621469
27,f023983,2.522474024423434e-05,0.008549866242960764,0.008549866242960794,0.0,0.0007688588303426212,0.0,2.0789590491318626e-06,16762187.8,0.0007436340900984075,80,0,0,0,0,80,0,0,0,79,0,0,0,0,0,1,0,0,0,1.0
28,f01690871,8.557956514183e-06,0.014891944082135199,0.014891944082135199,5.75,0.00010748968237945,0.0,5.97173830495e-07,1297893.0,9.893172586524999e-05,2,0,0,0,0,2,2,0,0,0,0,0,0,0,0,0,0,0,0,1.0
29,f015747,7.622047734905355e-05,0.027045249228082813,0.027045249228082834,0.0,0.0023350110368067604,0.0,1.9424480993859005e-06,15656415.077348066,0.0022587905594576925,181,0,0,0,0,181,0,0,0,166,0,0,0,0,0,15,0,0,0,1.0
